126 410 634 508 165 1 0
125 320 635 347 255 146 5
137 260 200 309 2 117 255
214 257 267 305 2 117 255
288 261 346 304 2 117 255
358 258 416 305 2 117 255
431 260 499 308 2 117 255
512 263 579 305 2 117 255
591 264 636 306 2 117 255
128 232 634 257 255 146 5
129 212 635 230 245 2 0
128 170 635 213 254 67 4
136 180 193 204 2 117 255
210 183 269 206 2 117 255
288 181 351 207 2 117 255
363 179 411 203 2 117 255
432 180 492 207 2 117 255
531 177 588 211 2 117 255
514 178 531 211 2 117 255
601 183 636 210 2 117 255
128 147 635 169 255 146 5
135 75 190 127 2 117 255
202 76 252 129 2 117 255
269 75 336 123 2 117 255
349 78 416 133 2 117 255
431 82 500 129 2 117 255
513 81 588 140 2 117 255
594 85 633 137 2 117 255
599 25 628 70 2 117 255
515 22 586 71 2 117 255
431 22 500 68 2 117 255
352 23 416 64 2 117 255
269 25 329 65 2 117 255
206 26 248 65 2 117 255
139 27 190 67 2 117 255
126 6 634 21 255 146 5
141 456 213 501 0 201 255
128 409 146 511 245 2 0
611 407 634 509 245 2 0
145 356 606 394 2 117 255
144 400 605 408 255 146 5
437 128 630 143 183 254 57
125 125 340 144 183 254 57
131 300 343 312 183 254 57
430 302 632 314 183 254 57
373 270 401 290 0 201 255
138 349 605 361 30 255 221
134 257 634 266 30 255 221
137 24 629 30 30 255 221
130 73 634 86 30 255 221
128 64 635 73 103 248 151
343 127 429 139 103 248 151
351 297 426 309 103 248 151
125 245 145 413 245 2 0
611 246 635 410 245 2 0
142 34 184 36 238 236 40
213 35 244 39 238 236 40
275 32 324 36 238 236 40
357 35 410 36 238 236 40
434 34 493 39 238 236 40
517 34 579 41 238 236 40
604 36 625 37 238 236 40
